6318674809
6318658929
6318657134
6318654779
6318654558
6318652922
6318652033
6318610882
6318769896
8138925907
6318769510
6318739228
6318727787
6318725398
6318718165
6318711184
6318699934
6318691679
6318684836
6318679885
8138808724
6318671798
6318671382
6318653993
6318644854
6318644667
6318644653
6318641142
6318639830
6318628725
6318627613
6318620820
6318620698
6318217694
6318769632
6318753530
8138905892
6318750352
6318750339
6318748290
6318748240
6318743278
6318743181
6318740763
6318740677
6318737945
6318737522
6318735817
6318735470
6318731137
6318730873
6318727021
6318726888
6318725304
6318724713
6318719573
6318719407
6318717561
6318717109
6318715150
6318714664
6318755771
6318753538
6318398350
6318099028
6318767943
6318764837
6318763089
6318750058
6318747680
6318746403
6318740928
6318737919
6318732389
6318727793
6318722519
6318711162
6318708735
6318705503
6318701486
6318696400
6318691045
6318688530
6318688412
6318687539
6318673121
6318667188
6318650463
6318646841
6318645896
6318642651
6318642572
6318642380
6318641427
6318622273
8138558048
6318353429
8138428789
6318282627
6318031178
